ATGLK2=0000:0000
 0000:0000  55 55 00 80 6A 0F 00 80 6F 0F 00 80 74 0F 00 80 
 0000:0010  79 0F 00 80 7E 0F 00 80 83 0F 00 80 88 0F 00 80 
 0000:0020  8F 10 00 80 8D 0F 00 80 92 0F 00 80 97 0F 00 80 
 0000:0030  00 00 46 8F EB 01 74 9E 37 1D 00 80 77 0A 00 80 
 0000:0040  A6 0F 00 80 8F 10 00 80 34 03 74 9E B7 03 74 9E 
 0000:0050  54 0F 00 80 4D 0F 00 80 00 00 00 00 00 00 00 00 
 0000:0060  00 00 00 00 00 00 00 00 00 00 00 00 00 00 00 00 
 0000:0070  00 00 00 00 00 00 00 00 00 00 00 00 00 00 00 00 
 0000:0080  00 00 00 00 00 00 00 00 00 00 00 00 00 00 00 00 
 0000:0090  00 00 00 00 00 00 00 00 00 00 00 00 00 00 00 00 
 0000:00A0  00 00 00 00 00 00 00 00 00 00 00 00 00 00 00 00 
 0000:00B0  00 00 BA 5B 46 8F 7A 06 B5 5B 46 8F 7A 06 82 00 
 0000:00C0  F8 7F 91 0A 01 00 D0 00 C0 00 00 0C 59 5E CE 00 
 0000:00D0  7A 06 83 F2 7A 06 82 00 46 0F 46 80 F8 7F F8 7A 
 0000:00E0  F8 70 EC 00 EE 00 E2 05 35 00 44 05 2A F0 40 10 
 0000:00F0  42 86 61 16 21 17 90 18 08 CF F1 7A 91 00 08 01 
OK
