  0000    00 00 00 00 00 00 00 00 00 00 F7 00 60 00 07 00 
  0010    86 00 9A 00 7E 00 00 00 FF 00 FF 00 FD 00 FF 00 
  0020    00 00 00 00 00 00 00 00 00 00 00 00 00 00 00 00 
  0030    00 00 00 00 00 00 00 00 00 00 00 00 00 00 00 00 
  0040    00 00 FF 00 00 00 FF 00 00 00 FF 00 00 00 FF 00 
  0050    00 00 FF 00 00 00 FF 00 06 00 00 00 00 00 00 00 
  0060    0B 00 00 00 78 00 09 00 8D 00 A3 00 E8 00 00 00 
  0070    AE 00 B6 00 97 00 51 00 51 00 06 00 4F 00 B3 00 
  0080    80 00 82 00 84 00 86 00 88 00 8A 00 8C 00 8E 00 
  0090    90 00 92 00 94 00 96 00 98 00 9A 00 9C 00 9E 00 
  00A0    A0 00 A2 00 A4 00 A6 00 A8 00 AA 00 AC 00 AE 00 
  00B0    B0 00 B2 00 B4 00 B6 00 B8 00 BA 00 BC 00 BE 00 
  00C0    C0 00 C2 00 C4 00 C6 00 C8 00 CA 00 CC 00 CE 00 
  00D0    D0 00 D2 00 D4 00 D6 00 D8 00 DA 00 DC 00 DE 00 
  00E0    E0 00 E2 00 E4 00 E6 00 E8 00 EA 00 EC 00 EE 00 
  00F0    F0 00 F2 00 F4 00 F6 00 F8 00 FA 00 FC 00 FE 00 
  0100    00 01 02 01 04 01 06 01 08 01 0A 01 0C 01 0E 01 
  0110    10 01 12 01 14 01 16 01 18 01 1A 01 1C 01 1E 01 
  0120    20 01 22 01 24 01 26 01 28 01 2A 01 2C 01 2E 01 
  0130    30 01 32 01 34 01 36 01 38 01 3A 01 3C 01 3E 01 
  0140    40 01 42 01 44 01 46 01 48 01 4A 01 4C 01 4E 01 
  0150    50 01 52 01 54 01 56 01 58 01 5A 01 5C 01 5E 01 
  0160    60 01 62 01 64 01 66 01 68 01 6A 01 6C 01 6E 01 
  0170    70 01 72 01 74 01 76 01 78 01 7A 01 7C 01 7E 01 
  0180    80 01 82 01 84 01 86 01 88 01 8A 01 8C 01 8E 01 
  0190    90 01 92 01 94 01 96 01 98 01 9A 01 9C 01 9E 01 
  01A0    A0 01 A2 01 A4 01 A6 01 A8 01 AA 01 AC 01 AE 01 
  01B0    B0 01 B2 01 B4 01 B6 01 B8 01 BA 01 BC 01 BE 01 
  01C0    C0 01 C2 01 C4 01 C6 01 C8 01 CA 01 CC 01 CE 01 
  01D0    D0 01 D2 01 D4 01 D6 01 D8 01 DA 01 DC 01 DE 01 
  01E0    E0 01 E2 01 E4 01 E6 01 E8 01 EA 01 EC 01 EE 01 
  01F0    F0 01 F2 01 F4 01 F6 01 F8 01 FA 01 FC 01 FE 01 
  0200    00 02 02 02 04 02 06 02 08 02 0A 02 0C 02 0E 02 
  0210    10 02 12 02 14 02 16 02 18 02 1A 02 1C 02 1E 02 
  0220    20 02 22 02 24 02 26 02 28 02 2A 02 2C 02 2E 02 
  0230    30 02 32 02 34 02 36 02 38 02 3A 02 3C 02 3E 02 
  0240    40 02 42 02 44 02 46 02 48 02 4A 02 4C 02 4E 02 
  0250    50 02 52 02 54 02 56 02 58 02 5A 02 5C 02 5E 02 
  0260    60 02 62 02 64 02 66 02 68 02 6A 02 6C 02 6E 02 
  0270    70 02 72 02 74 02 76 02 78 02 7A 02 7C 02 7E 02 
  0280    80 02 82 02 84 02 86 02 88 02 8A 02 8C 02 8E 02 
  0290    90 02 92 02 94 02 96 02 98 02 9A 02 9C 02 9E 02 
  02A0    A0 02 A2 02 A4 02 A6 02 A8 02 AA 02 AC 02 AE 02 
  02B0    B0 02 B2 02 B4 02 B6 02 B8 02 BA 02 BC 02 BE 02 
  02C0    C0 02 C2 02 C4 02 C6 02 C8 02 CA 02 CC 02 CE 02 
  02D0    D0 02 D2 02 D4 02 D6 02 D8 02 DA 02 DC 02 DE 02 
  02E0    E0 02 E2 02 E4 02 E6 02 E8 02 EA 02 EC 02 EE 02 
  02F0    F0 02 F2 02 F4 02 F6 02 F8 02 FA 02 FC 02 FE 02 
