  0000    00 00 00 00 00 00 00 00 00 00 24 00 60 00 07 00 
  0010    86 00 8A 00 7E 00 00 00 FF 00 FF 00 FD 00 FF 00 
  0020    00 00 00 00 00 00 00 00 00 00 00 00 00 00 00 00 
  0030    00 00 00 00 00 00 00 00 00 00 00 00 00 00 00 00 
  0040    1A 00 00 00 17 00 00 00 55 00 00 00 1F 00 00 00 
  0050    A8 00 00 00 D3 00 00 00 08 00 00 00 02 00 00 00 
  0060    0B 00 00 00 BA 00 08 00 BD 00 3C 00 71 00 C6 00 
  0070    FD 00 FD 00 7D 00 19 00 46 00 DD 00 E8 00 44 00 
  0080    80 00 82 00 84 00 86 00 88 00 8A 00 8C 00 8E 00 
  0090    90 00 92 00 94 00 96 00 98 00 9A 00 9C 00 9E 00 
  00A0    A0 00 A2 00 A4 00 A6 00 A8 00 AA 00 AC 00 AE 00 
  00B0    B0 00 B2 00 B4 00 B6 00 B8 00 BA 00 BC 00 BE 00 
  00C0    C0 00 C2 00 C4 00 C6 00 C8 00 CA 00 CC 00 CE 00 
  00D0    D0 00 D2 00 D4 00 D6 00 D8 00 DA 00 DC 00 DE 00 
  00E0    E0 00 E2 00 E4 00 E6 00 E8 00 EA 00 EC 00 EE 00 
  00F0    F0 00 F2 00 F4 00 F6 00 F8 00 FA 00 FC 00 FE 00 
